Vth = 40.0
Vrest = -60.0
V = -60.0
tau_spike = 2
g_Na = 20000
g_K = 6000
g_L = 10
E_Na = 50
E_K = -90
E_L = -60
C_mem = 200
n = 0.002409
m = 0.000015
h = 0.999912
divider = 0.001
--
